Title,Author,Created at,Description,Tags
故剑相逢4,,"February 12, 2025 9:48 PM",,"燕云十六声, 男少东家x江晏"
,,"February 12, 2025 9:48 PM",,